0	2250
10	2250
20	2250
30	2250
40	2250
50	2250
60	2250
70	2250
80	2250
90	2250
100	2250
110	2250
120	2250
130	2250
140	2250
150	2250
160	2250
170	2250
180	2250
190	2250
200	2250
210	2250
220	2250
230	2250
240	2250
250	2250
260	2250
270	2250
280	2250
290	2250
300	2250
310	2250
320	2250
330	2250
340	2250
350	2250
360	2250
370	2250
380	2250
390	2250
400	2250
410	2250
420	2250
430	2250
440	2250
450	2250
460	2250
470	2250
480	2250
490	2250
500	2250
510	2250
520	2250
530	2250
540	2250
550	2250
560	2250
570	2250
580	2250
590	2250
600	2250
610	2250
620	2250
630	2250
640	2250
650	2250
660	2250
670	2250
680	2250
690	2250
700	2250
710	2250
720	2250
730	2250
740	2250
750	2250
760	2250
770	2250
780	2250
790	2250
800	2250
810	2250
820	2250
830	2250
840	2250
850	2250
860	2250
870	2250
880	2250
890	2250
900	2250
910	2250
920	2250
930	2250
940	2250
950	2250
960	2250
970	2250
980	2250
990	2250
1000	2250
1010	2250
1020	2250
1030	2250
1040	2250
1050	2250
1060	2250
1070	2250
1080	2250
1090	2250
1100	2250
1110	2250
1120	2250
1130	2250
1140	2250
1150	2250
1160	2250
1170	2250
1180	2250
1190	2250
1200	2250
1210	2250
1220	2250
1230	2250
1240	2250
1250	2250
1260	2250
1270	2250
1280	2250
1290	2250
1300	2250
1310	2250
1320	2250
1330	2250
1340	2250
1350	2250
1360	2250
1370	2250
1380	2250
1390	2250
1400	2250
1410	2250
1420	2250
1430	2250
1440	2250
1450	2250
1460	2250
1470	2250
1480	2250
1490	2250
1500	2250
1510	2250
1520	2250
1530	2250
1540	2250
1550	2250
1560	2250
1570	2250
1580	2250
1590	2250
1600	2250
1610	2250
1620	2250
1630	2250
1640	2250
1650	2250
1660	2250
1670	2250
1680	2250
1690	2250
1700	2250
1710	2250
1720	2250
1730	2250
1740	2250
1750	2250
1760	2250
1770	2250
1780	2250
1790	2250
1800	2250
1810	2250
1820	2250
1830	2250
1840	2250
1850	2250
1860	2250
1870	2250
1880	2250
1890	2250
1900	2250
1910	2250
1920	2250
1930	2250
1940	2250
1950	2250
1960	2250
1970	2250
1980	2250
1990	2250
2000	2250
2010	2250
2020	2250
2030	2250
2040	2250
2050	2250
2060	2250
2070	2250
2080	2250
2090	2250
2100	2250
2110	2250
2120	2250
2130	2250
2140	2250
2150	2250
2160	2250
2170	2250
2180	2250
2190	2250
2200	2250
2210	2250
2220	2250
2230	2250
2240	2250
2250	2250
2260	2250
2270	2250
2280	2250
2290	2250
2300	2250
2310	2250
2320	2250
2330	2250
2340	2250
2350	2250
2360	2250
2370	2250
2380	2250
2390	2250
2400	2250
2410	2250
2420	2250
2430	2250
2440	2250
2450	2250
2460	2250
2470	2250
2480	2250
2490	2250
2500	2250
2510	2250
2520	2250
2530	2250
2540	2250
2550	2250
2560	2250
2570	2250
2580	2250
2590	2250
2600	2250
2610	2250
2620	2250
2630	2250
2640	2250
2650	2250
2660	2250
2670	2250
2680	2250
2690	2250
2700	2250
2710	2250
2720	2250
2730	2250
2740	2250
2750	2250
2760	2250
2770	2250
2780	2250
2790	2250
2800	2250
2810	2250
2820	2250
2830	2250
2840	2250
2850	2250
2860	2250
2870	2250
2880	2250
2890	2250
2900	2250
2910	2250
2920	2250
2930	2250
2940	2250
2950	2250
2960	2250
2970	2250
2980	2250
2990	2250
3000	2250
3010	2250
3020	2250
3030	2250
3040	2250
3050	2250
3060	2250
3070	2250
3080	2250
3090	2250
3100	2250
3110	2250
3120	2250
3130	2250
3140	2250
3150	2250
3160	2250
3170	2250
3180	2250
3190	2250
3200	2250
3210	2250
3220	2250
3230	2250
3240	2250
3250	2250
3260	2250
3270	2250
3280	2250
3290	2250
3300	2250
3310	2250
3320	2250
3330	2250
3340	2250
3350	2250
3360	2250
3370	2250
3380	2250
3390	2250
3400	2250
3410	2250
3420	2250
3430	2250
3440	2250
3450	2250
3460	2250
3470	2250
3480	2250
3490	2250
3500	2250
3510	2250
3520	2250
3530	2250
3540	2250
3550	2250
3560	2250
3570	2250
3580	2250
3590	2250
3600	2250
3610	2250
3620	2250
3630	2250
3640	2250
3650	2250
3660	2250
3670	2250
3680	2250
3690	2250
3700	2250
3710	2250
3720	2250
3730	2250
3740	2250
3750	2250
3760	2250
3770	2250
3780	2250
3790	2250
3800	2250
3810	2250
3820	2250
3830	2250
3840	2250
3850	2250
3860	2250
3870	2250
3880	2250
3890	2250
3900	2250
3910	2250
3920	2250
3930	2250
3940	2250
3950	2250
3960	2250
3970	2250
3980	2250
3990	2250
4000	2250
4010	2250
4020	2250
4030	2250
4040	2250
4050	2250
4060	2250
4070	2250
4080	2250
4090	2250
4100	2250
4110	2250
4120	2250
4130	2250
4140	2250
4150	2250
4160	2250
4170	2250
4180	2250
4190	2250
4200	2250
4210	2250
4220	2250
4230	2250
4240	2250
4250	2250
4260	2250
4270	2250
4280	2250
4290	2250
4300	2250
4310	2250
4320	2250
4330	2250
4340	2250
4350	2250
4360	2250
4370	2250
4380	2250
4390	2250
4400	2250
4410	2250
4420	2250
4430	2250
4440	2250
4450	2250
4460	2250
4470	2250
4480	2250
4490	2250
4500	2250
4510	2250
4520	2250
4530	2250
4540	2250
4550	2250
4560	2250
4570	2250
4580	2250
4590	2250
4600	2250
4610	2250
4620	2250
4630	2250
4640	2250
4650	2250
4660	2250
4670	2250
4680	2250
4690	2250
4700	2250
4710	2250
4720	2250
4730	2250
4740	2250
4750	2250
4760	2250
4770	2250
4780	2250
4790	2250
4800	2250
4810	2250
4820	2250
4830	2250
4840	2250
4850	2250
4860	2250
4870	2250
4880	2250
4890	2250
4900	2250
4910	2250
4920	2250
4930	2250
4940	2250
4950	2250
4960	2250
4970	2250
4980	2250
4990	2250
5000	2250
5010	2250
5020	2250
5030	2250
5040	2250
5050	2250
5060	2250
5070	2250
5080	2250
5090	2250
5100	2250
5110	2250
5120	2250
5130	2250
5140	2250
5150	2250
5160	2250
5170	2250
5180	2250
5190	2250
5200	2250
5210	2250
5220	2250
5230	2250
5240	2250
5250	2250
5260	2250
5270	2250
5280	2250
5290	2250
5300	2250
5310	2250
5320	2250
5330	2250
5340	2250
5350	2250
5360	2250
5370	2250
5380	2250
5390	2250
5400	2250
5410	2250
5420	2250
5430	2250
5440	2250
5450	2250
5460	2250
5470	2250
5480	2250
5490	2250
5500	2250
5510	2250
5520	2250
5530	2250
5540	2250
5550	2250
5560	2250
5570	2250
5580	2250
5590	2250
5600	2250
5610	2250
5620	2250
5630	2250
5640	2250
5650	2250
5660	2250
5670	2250
5680	2250
5690	2250
5700	2250
5710	2250
5720	2250
5730	2250
5740	2250
5750	2250
5760	2250
5770	2250
5780	2250
5790	2250
5800	2250
5810	2250
5820	2250
5830	2250
5840	2250
5850	2250
5860	2250
5870	2250
5880	2250
5890	2250
5900	2250
5910	2250
5920	2250
5930	2250
5940	2250
5950	2250
5960	2250
5970	2250
5980	2250
5990	2250
6000	2250
