0	3750
10	3750
20	3750
30	3750
40	3750
50	3750
60	3750
70	3750
80	3750
90	3750
100	3750
110	3750
120	3750
130	3750
140	3750
150	3750
160	3750
170	3750
180	3750
190	3750
200	3750
210	3750
220	3750
230	3750
240	3750
250	3750
260	3750
270	3750
280	3750
290	3750
300	3750
310	3750
320	3750
330	3750
340	3750
350	3750
360	3750
370	3750
380	3750
390	3750
400	3750
410	3750
420	3750
430	3750
440	3750
450	3750
460	3750
470	3750
480	3750
490	3750
500	3750
510	3750
520	3750
530	3750
540	3750
550	3750
560	3750
570	3750
580	3750
590	3750
600	3750
610	3750
620	3750
630	3750
640	3750
650	3750
660	3750
670	3750
680	3750
690	3750
700	3750
710	3750
720	3750
730	3750
740	3750
750	3750
760	3750
770	3750
780	3750
790	3750
800	3750
810	3750
820	3750
830	3750
840	3750
850	3750
860	3750
870	3750
880	3750
890	3750
900	3750
910	3750
920	3750
930	3750
940	3750
950	3750
960	3750
970	3750
980	3750
990	3750
1000	3750
1010	3750
1020	3750
1030	3750
1040	3750
1050	3750
1060	3750
1070	3750
1080	3750
1090	3750
1100	3750
1110	3750
1120	3750
1130	3750
1140	3750
1150	3750
1160	3750
1170	3750
1180	3750
1190	3750
1200	3750
1210	3750
1220	3750
1230	3750
1240	3750
1250	3750
1260	3750
1270	3750
1280	3750
1290	3750
1300	3750
1310	3750
1320	3750
1330	3750
1340	3750
1350	3750
1360	3750
1370	3750
1380	3750
1390	3750
1400	3750
1410	3750
1420	3750
1430	3750
1440	3750
1450	3750
1460	3750
1470	3750
1480	3750
1490	3750
1500	3750
1510	3750
1520	3750
1530	3750
1540	3750
1550	3750
1560	3750
1570	3750
1580	3750
1590	3750
1600	3750
1610	3750
1620	3750
1630	3750
1640	3750
1650	3750
1660	3750
1670	3750
1680	3750
1690	3750
1700	3750
1710	3750
1720	3750
1730	3750
1740	3750
1750	3750
1760	3750
1770	3750
1780	3750
1790	3750
1800	3750
1810	3750
1820	3750
1830	3750
1840	3750
1850	3750
1860	3750
1870	3750
1880	3750
1890	3750
1900	3750
1910	3750
1920	3750
1930	3750
1940	3750
1950	3750
1960	3750
1970	3750
1980	3750
1990	3750
2000	3750
2010	3750
2020	3750
2030	3750
2040	3750
2050	3750
2060	3750
2070	3750
2080	3750
2090	3750
2100	3750
2110	3750
2120	3750
2130	3750
2140	3750
2150	3750
2160	3750
2170	3750
2180	3750
2190	3750
2200	3750
2210	3750
2220	3750
2230	3750
2240	3750
2250	3750
2260	3750
2270	3750
2280	3750
2290	3750
2300	3750
2310	3750
2320	3750
2330	3750
2340	3750
2350	3750
2360	3750
2370	3750
2380	3750
2390	3750
2400	3750
2410	3750
2420	3750
2430	3750
2440	3750
2450	3750
2460	3750
2470	3750
2480	3750
2490	3750
2500	3750
2510	3750
2520	3750
2530	3750
2540	3750
2550	3750
2560	3750
2570	3750
2580	3750
2590	3750
2600	3750
2610	3750
2620	3750
2630	3750
2640	3750
2650	3750
2660	3750
2670	3750
2680	3750
2690	3750
2700	3750
2710	3750
2720	3750
2730	3750
2740	3750
2750	3750
2760	3750
2770	3750
2780	3750
2790	3750
2800	3750
2810	3750
2820	3750
2830	3750
2840	3750
2850	3750
2860	3750
2870	3750
2880	3750
2890	3750
2900	3750
2910	3750
2920	3750
2930	3750
2940	3750
2950	3750
2960	3750
2970	3750
2980	3750
2990	3750
3000	3750
3010	3750
3020	3750
3030	3750
3040	3750
3050	3750
3060	3750
3070	3750
3080	3750
3090	3750
3100	3750
3110	3750
3120	3750
3130	3750
3140	3750
3150	3750
3160	3750
3170	3750
3180	3750
3190	3750
3200	3750
3210	3750
3220	3750
3230	3750
3240	3750
3250	3750
3260	3750
3270	3750
3280	3750
3290	3750
3300	3750
3310	3750
3320	3750
3330	3750
3340	3750
3350	3750
3360	3750
3370	3750
3380	3750
3390	3750
3400	3750
3410	3750
3420	3750
3430	3750
3440	3750
3450	3750
3460	3750
3470	3750
3480	3750
3490	3750
3500	3750
3510	3750
3520	3750
3530	3750
3540	3750
3550	3750
3560	3750
3570	3750
3580	3750
3590	3750
3600	3750
3610	3750
3620	3750
3630	3750
3640	3750
3650	3750
3660	3750
3670	3750
3680	3750
3690	3750
3700	3750
3710	3750
3720	3750
3730	3750
3740	3750
3750	3750
3760	3750
3770	3750
3780	3750
3790	3750
3800	3750
3810	3750
3820	3750
3830	3750
3840	3750
3850	3750
3860	3750
3870	3750
3880	3750
3890	3750
3900	3750
3910	3750
3920	3750
3930	3750
3940	3750
3950	3750
3960	3750
3970	3750
3980	3750
3990	3750
4000	3750
4010	3750
4020	3750
4030	3750
4040	3750
4050	3750
4060	3750
4070	3750
4080	3750
4090	3750
4100	3750
4110	3750
4120	3750
4130	3750
4140	3750
4150	3750
4160	3750
4170	3750
4180	3750
4190	3750
4200	3750
4210	3750
4220	3750
4230	3750
4240	3750
4250	3750
4260	3750
4270	3750
4280	3750
4290	3750
4300	3750
4310	3750
4320	3750
4330	3750
4340	3750
4350	3750
4360	3750
4370	3750
4380	3750
4390	3750
4400	3750
4410	3750
4420	3750
4430	3750
4440	3750
4450	3750
4460	3750
4470	3750
4480	3750
4490	3750
4500	3750
4510	3750
4520	3750
4530	3750
4540	3750
4550	3750
4560	3750
4570	3750
4580	3750
4590	3750
4600	3750
4610	3750
4620	3750
4630	3750
4640	3750
4650	3750
4660	3750
4670	3750
4680	3750
4690	3750
4700	3750
4710	3750
4720	3750
4730	3750
4740	3750
4750	3750
4760	3750
4770	3750
4780	3750
4790	3750
4800	3750
4810	3750
4820	3750
4830	3750
4840	3750
4850	3750
4860	3750
4870	3750
4880	3750
4890	3750
4900	3750
4910	3750
4920	3750
4930	3750
4940	3750
4950	3750
4960	3750
4970	3750
4980	3750
4990	3750
5000	3750
5010	3750
5020	3750
5030	3750
5040	3750
5050	3750
5060	3750
5070	3750
5080	3750
5090	3750
5100	3750
5110	3750
5120	3750
5130	3750
5140	3750
5150	3750
5160	3750
5170	3750
5180	3750
5190	3750
5200	3750
5210	3750
5220	3750
5230	3750
5240	3750
5250	3750
5260	3750
5270	3750
5280	3750
5290	3750
5300	3750
5310	3750
5320	3750
5330	3750
5340	3750
5350	3750
5360	3750
5370	3750
5380	3750
5390	3750
5400	3750
5410	3750
5420	3750
5430	3750
5440	3750
5450	3750
5460	3750
5470	3750
5480	3750
5490	3750
5500	3750
5510	3750
5520	3750
5530	3750
5540	3750
5550	3750
5560	3750
5570	3750
5580	3750
5590	3750
5600	3750
5610	3750
5620	3750
5630	3750
5640	3750
5650	3750
5660	3750
5670	3750
5680	3750
5690	3750
5700	3750
5710	3750
5720	3750
5730	3750
5740	3750
5750	3750
5760	3750
5770	3750
5780	3750
5790	3750
5800	3750
5810	3750
5820	3750
5830	3750
5840	3750
5850	3750
5860	3750
5870	3750
5880	3750
5890	3750
5900	3750
5910	3750
5920	3750
5930	3750
5940	3750
5950	3750
5960	3750
5970	3750
5980	3750
5990	3750
6000	3750
