0	3000
10	3000
20	3000
30	3000
40	3000
50	3000
60	3000
70	3000
80	3000
90	3000
100	3000
110	3000
120	3000
130	3000
140	3000
150	3000
160	3000
170	3000
180	3000
190	3000
200	3000
210	3000
220	3000
230	3000
240	3000
250	3000
260	3000
270	3000
280	3000
290	3000
300	3000
310	3000
320	3000
330	3000
340	3000
350	3000
360	3000
370	3000
380	3000
390	3000
400	3000
410	3000
420	3000
430	3000
440	3000
450	3000
460	3000
470	3000
480	3000
490	3000
500	3000
510	3000
520	3000
530	3000
540	3000
550	3000
560	3000
570	3000
580	3000
590	3000
600	3000
610	3000
620	3000
630	3000
640	3000
650	3000
660	3000
670	3000
680	3000
690	3000
700	3000
710	3000
720	3000
730	3000
740	3000
750	3000
760	3000
770	3000
780	3000
790	3000
800	3000
810	3000
820	3000
830	3000
840	3000
850	3000
860	3000
870	3000
880	3000
890	3000
900	3000
910	3000
920	3000
930	3000
940	3000
950	3000
960	3000
970	3000
980	3000
990	3000
1000	3000
1010	3000
1020	3000
1030	3000
1040	3000
1050	3000
1060	3000
1070	3000
1080	3000
1090	3000
1100	3000
1110	3000
1120	3000
1130	3000
1140	3000
1150	3000
1160	3000
1170	3000
1180	3000
1190	3000
1200	3000
1210	3000
1220	3000
1230	3000
1240	3000
1250	3000
1260	3000
1270	3000
1280	3000
1290	3000
1300	3000
1310	3000
1320	3000
1330	3000
1340	3000
1350	3000
1360	3000
1370	3000
1380	3000
1390	3000
1400	3000
1410	3000
1420	3000
1430	3000
1440	3000
1450	3000
1460	3000
1470	3000
1480	3000
1490	3000
1500	3000
1510	3000
1520	3000
1530	3000
1540	3000
1550	3000
1560	3000
1570	3000
1580	3000
1590	3000
1600	3000
1610	3000
1620	3000
1630	3000
1640	3000
1650	3000
1660	3000
1670	3000
1680	3000
1690	3000
1700	3000
1710	3000
1720	3000
1730	3000
1740	3000
1750	3000
1760	3000
1770	3000
1780	3000
1790	3000
1800	3000
1810	3000
1820	3000
1830	3000
1840	3000
1850	3000
1860	3000
1870	3000
1880	3000
1890	3000
1900	3000
1910	3000
1920	3000
1930	3000
1940	3000
1950	3000
1960	3000
1970	3000
1980	3000
1990	3000
2000	3000
2010	3000
2020	3000
2030	3000
2040	3000
2050	3000
2060	3000
2070	3000
2080	3000
2090	3000
2100	3000
2110	3000
2120	3000
2130	3000
2140	3000
2150	3000
2160	3000
2170	3000
2180	3000
2190	3000
2200	3000
2210	3000
2220	3000
2230	3000
2240	3000
2250	3000
2260	3000
2270	3000
2280	3000
2290	3000
2300	3000
2310	3000
2320	3000
2330	3000
2340	3000
2350	3000
2360	3000
2370	3000
2380	3000
2390	3000
2400	3000
2410	3000
2420	3000
2430	3000
2440	3000
2450	3000
2460	3000
2470	3000
2480	3000
2490	3000
2500	3000
2510	3000
2520	3000
2530	3000
2540	3000
2550	3000
2560	3000
2570	3000
2580	3000
2590	3000
2600	3000
2610	3000
2620	3000
2630	3000
2640	3000
2650	3000
2660	3000
2670	3000
2680	3000
2690	3000
2700	3000
2710	3000
2720	3000
2730	3000
2740	3000
2750	3000
2760	3000
2770	3000
2780	3000
2790	3000
2800	3000
2810	3000
2820	3000
2830	3000
2840	3000
2850	3000
2860	3000
2870	3000
2880	3000
2890	3000
2900	3000
2910	3000
2920	3000
2930	3000
2940	3000
2950	3000
2960	3000
2970	3000
2980	3000
2990	3000
3000	3000
3010	3000
3020	3000
3030	3000
3040	3000
3050	3000
3060	3000
3070	3000
3080	3000
3090	3000
3100	3000
3110	3000
3120	3000
3130	3000
3140	3000
3150	3000
3160	3000
3170	3000
3180	3000
3190	3000
3200	3000
3210	3000
3220	3000
3230	3000
3240	3000
3250	3000
3260	3000
3270	3000
3280	3000
3290	3000
3300	3000
3310	3000
3320	3000
3330	3000
3340	3000
3350	3000
3360	3000
3370	3000
3380	3000
3390	3000
3400	3000
3410	3000
3420	3000
3430	3000
3440	3000
3450	3000
3460	3000
3470	3000
3480	3000
3490	3000
3500	3000
3510	3000
3520	3000
3530	3000
3540	3000
3550	3000
3560	3000
3570	3000
3580	3000
3590	3000
3600	3000
3610	3000
3620	3000
3630	3000
3640	3000
3650	3000
3660	3000
3670	3000
3680	3000
3690	3000
3700	3000
3710	3000
3720	3000
3730	3000
3740	3000
3750	3000
3760	3000
3770	3000
3780	3000
3790	3000
3800	3000
3810	3000
3820	3000
3830	3000
3840	3000
3850	3000
3860	3000
3870	3000
3880	3000
3890	3000
3900	3000
3910	3000
3920	3000
3930	3000
3940	3000
3950	3000
3960	3000
3970	3000
3980	3000
3990	3000
4000	3000
4010	3000
4020	3000
4030	3000
4040	3000
4050	3000
4060	3000
4070	3000
4080	3000
4090	3000
4100	3000
4110	3000
4120	3000
4130	3000
4140	3000
4150	3000
4160	3000
4170	3000
4180	3000
4190	3000
4200	3000
4210	3000
4220	3000
4230	3000
4240	3000
4250	3000
4260	3000
4270	3000
4280	3000
4290	3000
4300	3000
4310	3000
4320	3000
4330	3000
4340	3000
4350	3000
4360	3000
4370	3000
4380	3000
4390	3000
4400	3000
4410	3000
4420	3000
4430	3000
4440	3000
4450	3000
4460	3000
4470	3000
4480	3000
4490	3000
4500	3000
4510	3000
4520	3000
4530	3000
4540	3000
4550	3000
4560	3000
4570	3000
4580	3000
4590	3000
4600	3000
4610	3000
4620	3000
4630	3000
4640	3000
4650	3000
4660	3000
4670	3000
4680	3000
4690	3000
4700	3000
4710	3000
4720	3000
4730	3000
4740	3000
4750	3000
4760	3000
4770	3000
4780	3000
4790	3000
4800	3000
4810	3000
4820	3000
4830	3000
4840	3000
4850	3000
4860	3000
4870	3000
4880	3000
4890	3000
4900	3000
4910	3000
4920	3000
4930	3000
4940	3000
4950	3000
4960	3000
4970	3000
4980	3000
4990	3000
5000	3000
5010	3000
5020	3000
5030	3000
5040	3000
5050	3000
5060	3000
5070	3000
5080	3000
5090	3000
5100	3000
5110	3000
5120	3000
5130	3000
5140	3000
5150	3000
5160	3000
5170	3000
5180	3000
5190	3000
5200	3000
5210	3000
5220	3000
5230	3000
5240	3000
5250	3000
5260	3000
5270	3000
5280	3000
5290	3000
5300	3000
5310	3000
5320	3000
5330	3000
5340	3000
5350	3000
5360	3000
5370	3000
5380	3000
5390	3000
5400	3000
5410	3000
5420	3000
5430	3000
5440	3000
5450	3000
5460	3000
5470	3000
5480	3000
5490	3000
5500	3000
5510	3000
5520	3000
5530	3000
5540	3000
5550	3000
5560	3000
5570	3000
5580	3000
5590	3000
5600	3000
5610	3000
5620	3000
5630	3000
5640	3000
5650	3000
5660	3000
5670	3000
5680	3000
5690	3000
5700	3000
5710	3000
5720	3000
5730	3000
5740	3000
5750	3000
5760	3000
5770	3000
5780	3000
5790	3000
5800	3000
5810	3000
5820	3000
5830	3000
5840	3000
5850	3000
5860	3000
5870	3000
5880	3000
5890	3000
5900	3000
5910	3000
5920	3000
5930	3000
5940	3000
5950	3000
5960	3000
5970	3000
5980	3000
5990	3000
6000	3000
