2718.83	1300.13
2719.08	1300.72
2719.35	1301.34
2719.64	1302.01
2719.93	1302.71
2720.25	1303.46
2720.58	1304.25
2720.94	1305.09
2721.31	1305.97
2721.71	1306.91
2722.13	1307.9
2722.57	1308.95
2723.04	1310.06
2723.53	1311.24
2724.06	1312.48
2724.61	1313.8
2725.2	1315.19
2725.82	1316.67
2726.48	1318.22
2727.17	1319.88
2727.87	1321.53
2728.58	1323.17
2729.28	1324.81
2730.14	1326.85
2731.05	1329
2731.82	1330.77
2732.65	1332.7
2733.55	1334.79
2734.53	1337.07
2735.58	1339.54
2736.68	1342.13
2737.83	1344.8
2739.03	1347.56
2740.26	1350.41
2741.53	1353.29
2742.83	1356.22
2744.16	1359.18
2745.56	1362.25
2747.05	1365.45
2748.61	1368.8
2750.31	1372.39
2752.2	1376.38
2754.27	1380.77
2756.47	1385.44
2758.85	1390.51
2761.35	1395.79
2764.04	1401.52
2767.11	1408.08
2770.49	1415.36
2774.15	1423.23
2778.11	1431.73
2782.31	1440.78
2786.84	1450.52
2791.61	1460.79
2796.82	1472.1
2802.17	1483.96
2807.49	1496
2813.17	1509.01
2819.33	1523.26
2825.81	1538.29
2832.57	1554.05
2839.39	1570
2846.18	1585.92
2853.05	1602.04
2859.97	1618.27
2866.93	1634.61
2873.93	1651.06
2880.99	1667.62
2888.1	1684.32
2895.23	1701.08
2902.37	1717.84
2909.4	1734.43
2916.36	1750.92
2923.17	1767.18
2929.73	1783.05
2936.04	1798.5
2941.66	1812.63
2947.09	1826.22
2952.33	1839.3
2957.23	1851.61
2961.78	1863.19
2965.91	1873.94
2969.69	1883.99
2973.21	1893.48
2976.57	1902.57
2979.67	1911.08
2982.53	1919.02
2985.17	1926.48
2987.59	1933.47
2989.82	1940.01
2991.86	1946.14
2993.75	1951.88
2995.48	1957.26
2997.09	1962.31
2998.59	1967.05
3000	1971.52
3001.32	1975.73
3002.58	1979.71
3003.76	1983.47
3004.88	1987.02
3005.94	1990.39
3006.94	1993.57
3007.89	1996.59
3008.78	1999.44
3009.62	2002.14
3010.42	2004.69
3011.15	2007.09
3011.82	2009.34
3012.43	2011.46
3013.05	2013.5
3013.61	2015.41
3014.13	2017.21
3014.6	2018.9
3015.02	2020.49
3015.42	2021.99
3015.8	2023.42
3016.16	2024.79
3016.51	2026.09
3016.84	2027.33
3017.15	2028.52
3017.46	2029.65
3017.75	2030.72
3018	2031.71
3018.25	2032.66
3018.48	2033.57
3018.71	2034.44
3018.93	2035.27
3019.15	2036.07
3019.36	2036.83
3019.56	2037.56
3019.76	2038.26
3019.95	2038.93
3020.13	2039.58
3020.31	2040.19
3020.48	2040.78
3020.65	2041.35
3020.81	2041.9
3020.97	2042.44
3021.12	2042.96
3021.27	2043.46
3021.41	2043.95
3021.54	2044.42
3021.67	2044.87
3021.8	2045.32
3021.93	2045.75
3022.04	2046.16
3022.16	2046.57
3022.27	2046.96
3022.38	2047.33
3022.48	2047.7
3022.58	2048.06
3022.68	2048.4
3022.77	2048.74
3022.86	2049.06
3022.95	2049.37
3023.03	2049.68
3023.11	2049.97
3023.19	2050.26
