1795.03	1937.93
1795.34	1939.28
1795.67	1940.68
1796.02	1942.2
1796.41	1943.86
1796.82	1945.66
1797.27	1947.63
1797.76	1949.78
1798.28	1952.11
1798.86	1954.66
1799.48	1957.44
1800.14	1960.41
1800.8	1963.3
1801.45	1966.12
1802.09	1968.86
1802.86	1972.01
1803.65	1975.22
1804.47	1978.48
1805.41	1982.25
1806.59	1987.07
1807.68	1991.53
1808.97	1996.92
1810.44	2003.07
1812.04	2009.67
1813.62	2016.22
1815.38	2023.41
1817.34	2031.33
1819.51	2040
1821.86	2049.34
1824.4	2059.37
1826.89	2069.21
1829.53	2079.53
1832.35	2090.41
1835.18	2101.21
1838.43	2113.34
1842.02	2126.63
1845.8	2140.5
1849.62	2154.61
1853.49	2168.95
1857.36	2183.28
1861.27	2197.84
1865.22	2212.62
1869.19	2227.5
1873.18	2242.47
1877.18	2257.47
1881.13	2272.19
1885.08	2286.6
1888.95	2300.51
1892.76	2313.94
1896.5	2326.88
1900.18	2339.35
1903.79	2351.33
1907.11	2362.12
1910.19	2371.92
1913.23	2381.37
1916.45	2391.02
1919.68	2400.41
1922.81	2409.26
1925.81	2417.59
1928.66	2425.43
1931.25	2432.57
1933.57	2438.97
1935.63	2444.69
1937.68	2450.22
1939.7	2455.55
1941.81	2460.87
1943.93	2466.08
1945.96	2471
1947.91	2475.66
1949.78	2480.07
1951.58	2484.23
1953.3	2488.18
1954.95	2491.93
1956.54	2495.48
1958.06	2498.85
1959.53	2502.05
1960.94	2505.08
1962.3	2507.94
1963.59	2510.65
1964.83	2513.2
1966.01	2515.6
1967.13	2517.87
1968.22	2520.01
1969.25	2522.03
1970.25	2523.97
1971.21	2525.79
1972.14	2527.53
1973.03	2529.18
1973.9	2530.75
1974.73	2532.29
1975.53	2533.75
1976.31	2535.13
1977.06	2536.44
1977.78	2537.67
1978.49	2538.83
1979.17	2539.94
1979.83	2540.97
1980.47	2541.98
1981.1	2542.97
1981.72	2543.95
1982.34	2544.92
1982.95	2545.89
1983.54	2546.85
1984.13	2547.8
1984.72	2548.74
1985.29	2549.67
1985.86	2550.6
1986.29	2551.33
1986.72	2552.03
1987.12	2552.71
1987.52	2553.37
1987.89	2554.01
1988.26	2554.64
1988.61	2555.25
1988.95	2555.84
1989.28	2556.41
1989.59	2556.97
1989.9	2557.51
1990.19	2558.04
1990.51	2558.62
1990.81	2559.16
1991.09	2559.67
1991.34	2560.15
1991.59	2560.61
1991.83	2561.06
1992.06	2561.51
1992.3	2561.95
1992.54	2562.39
1992.77	2562.82
1993	2563.25
1993.23	2563.68
1993.46	2564.1
1993.69	2564.52
1993.92	2564.93
1994.14	2565.33
1994.37	2565.74
1994.59	2566.14
1994.81	2566.53
1995.03	2566.92
1995.25	2567.31
1995.47	2567.69
1995.68	2568.07
1995.9	2568.44
1996.11	2568.81
1996.32	2569.18
1996.53	2569.54
1996.74	2569.9
1996.95	2570.25
1997.1	2570.51
1997.26	2570.77
1997.41	2571.03
1997.57	2571.29
1997.73	2571.56
1997.89	2571.83
1998.05	2572.09
1998.21	2572.36
1998.38	2572.64
1998.55	2572.91
1998.72	2573.19
1998.89	2573.46
1999.06	2573.74
1999.24	2574.02
1999.42	2574.31
1999.6	2574.59
1999.78	2574.88
1999.96	2575.17
2000.15	2575.46
