3780	753.515
3780	753.515
3780	753.515
3780	753.515
3780.01	753.515
3780.01	753.515
3780.01	753.514
3780.01	753.514
3780.01	753.514
3780.01	753.514
3780.01	753.514
3780.01	753.514
3780.01	753.514
3780.01	753.514
3780.01	753.514
3780.01	753.514
3780.01	753.514
3780.01	753.514
3780.01	753.514
3780.01	753.514
3780.01	753.514
3780.01	753.514
3780.01	753.514
3780.01	753.514
3780.01	753.514
3780.01	753.514
3780.01	753.514
3780.01	753.514
3780.01	753.514
3780.01	753.514
3780.01	753.513
3780.01	753.513
3780.01	753.513
3780.01	753.513
3780.01	753.513
3780.01	753.513
3780.01	753.513
3780.01	753.513
3780.01	753.513
3780.01	753.513
3780.01	753.513
3780.01	753.513
3780.01	753.513
3780.01	753.513
3780.01	753.513
3780.01	753.513
3780.01	753.512
3780.01	753.512
3780.01	753.512
3780.01	753.512
3780.01	753.512
3780.01	753.512
3780.01	753.512
3780.01	753.512
3780.01	753.512
3780.01	753.512
3780.01	753.512
3780.02	753.512
3780.02	753.511
3780.02	753.511
3780.02	753.511
3780.02	753.511
3780.02	753.511
3780.02	753.511
3780.02	753.511
3780.02	753.511
3780.02	753.511
3780.02	753.511
3780.02	753.51
3780.02	753.51
3780.02	753.51
3780.02	753.51
3780.02	753.51
3780.02	753.51
3780.02	753.51
3780.02	753.51
3780.02	753.509
3780.02	753.509
3780.02	753.509
3780.02	753.509
3780.02	753.509
3780.03	753.509
3780.03	753.508
3780.03	753.508
3780.03	753.508
3780.03	753.508
3780.03	753.508
3780.03	753.508
3780.03	753.507
3780.03	753.507
3780.03	753.507
3780.03	753.507
3780.03	753.507
3780.03	753.507
3780.03	753.506
3780.03	753.506
3780.03	753.506
3780.04	753.506
3780.04	753.505
3780.04	753.505
3780.04	753.505
3780.04	753.505
3780.04	753.505
3780.04	753.504
3780.04	753.504
3780.04	753.504
3780.04	753.504
3780.04	753.503
3780.04	753.503
3780.04	753.503
3780.05	753.502
3780.05	753.502
3780.05	753.502
3780.05	753.502
3780.05	753.501
3780.05	753.501
3780.05	753.501
3780.05	753.5
3780.05	753.5
3780.06	753.5
3780.06	753.499
3780.06	753.499
3780.06	753.499
3780.06	753.498
3780.06	753.498
3780.06	753.498
3780.06	753.497
3780.07	753.497
3780.07	753.496
3780.07	753.496
3780.07	753.495
3780.07	753.495
3780.07	753.495
3780.07	753.494
3780.08	753.494
3780.08	753.493
3780.08	753.493
3780.08	753.492
3780.08	753.492
3780.08	753.491
3780.09	753.491
3780.09	753.49
3780.09	753.49
3780.09	753.489
3780.09	753.489
3780.1	753.488
3780.1	753.487
3780.1	753.487
3780.1	753.486
3780.1	753.486
3780.11	753.485
3780.11	753.484
3780.11	753.484
3780.11	753.483
3780.11	753.482
3780.12	753.481
3780.12	753.481
3780.12	753.48
3780.12	753.479
3780.13	753.478
3780.13	753.478
3780.13	753.477
3780.14	753.476
3780.14	753.475
3780.14	753.474
3780.14	753.473
3780.15	753.473
3780.15	753.472
3780.15	753.471
3780.16	753.47
3780.16	753.469
3780.16	753.468
3780.17	753.467
3780.17	753.466
3780.17	753.465
3780.18	753.464
3780.18	753.462
3780.19	753.461
3780.19	753.46
3780.19	753.459
3780.2	753.458
3780.2	753.457
3780.21	753.455
3780.21	753.454
3780.21	753.453
3780.22	753.451
3780.22	753.45
3780.23	753.449
3780.23	753.447
3780.24	753.446
3780.24	753.444
3780.25	753.443
3780.25	753.441
3780.26	753.44
3780.26	753.438
3780.27	753.436
3780.28	753.435
3780.28	753.433
3780.29	753.431
3780.29	753.429
3780.3	753.428
3780.31	753.426
3780.31	753.424
3780.32	753.422
3780.33	753.42
3780.33	753.418
3780.34	753.416
3780.35	753.414
3780.35	753.412
3780.36	753.409
3780.37	753.407
3780.38	753.405
3780.38	753.403
3780.39	753.4
3780.4	753.398
3780.41	753.395
3780.42	753.393
3780.43	753.39
3780.44	753.387
3780.45	753.385
3780.45	753.382
3780.46	753.379
3780.47	753.376
3780.48	753.373
3780.49	753.37
3780.5	753.367
3780.52	753.364
3780.53	753.361
3780.54	753.358
3780.55	753.354
3780.56	753.351
3780.57	753.347
3780.58	753.344
3780.6	753.34
3780.61	753.337
3780.62	753.333
3780.63	753.329
3780.65	753.325
3780.66	753.321
3780.68	753.317
3780.69	753.313
3780.7	753.308
3780.72	753.304
3780.73	753.3
3780.75	753.295
3780.77	753.29
3780.78	753.286
3780.8	753.281
3780.82	753.276
3780.83	753.271
3780.85	753.266
3780.87	753.26
3780.89	753.255
3780.9	753.249
3780.92	753.244
3780.94	753.238
3780.96	753.232
3780.98	753.226
3781	753.22
3781.03	753.214
3781.05	753.207
3781.07	753.201
3781.09	753.194
3781.11	753.188
3781.14	753.181
3781.16	753.174
3781.19	753.166
3781.21	753.159
3781.24	753.151
3781.26	753.144
3781.29	753.136
3781.32	753.128
3781.34	753.12
3781.37	753.111
3781.4	753.103
3781.43	753.094
3781.46	753.085
3781.49	753.076
3781.52	753.067
3781.56	753.058
3781.59	753.048
3781.62	753.038
3781.66	753.028
3781.69	753.018
3781.73	753.007
3781.76	752.996
3781.8	752.986
3781.84	752.974
3781.88	752.963
3781.92	752.951
3781.96	752.939
3782	752.927
3782.04	752.915
3782.08	752.902
3782.13	752.889
3782.17	752.876
3782.22	752.863
3782.26	752.849
3782.31	752.835
3782.36	752.82
3782.41	752.806
3782.46	752.791
3782.51	752.776
3782.56	752.76
3782.62	752.744
3782.67	752.728
3782.73	752.711
3782.79	752.694
3782.85	752.677
3782.91	752.659
3782.97	752.641
3783.03	752.623
3783.09	752.604
3783.16	752.585
3783.23	752.565
3783.29	752.545
3783.36	752.525
3783.43	752.504
3783.51	752.482
3783.58	752.461
3783.66	752.439
3783.73	752.416
3783.81	752.393
3783.89	752.369
3783.97	752.345
3784.06	752.32
3784.14	752.295
3784.23	752.269
3784.32	752.243
3784.41	752.216
3784.5	752.189
3784.6	752.161
3784.69	752.132
3784.79	752.103
3784.89	752.073
3785	752.043
3785.1	752.012
3785.21	751.98
3785.32	751.948
3785.43	751.915
3785.55	751.881
3785.66	751.847
3785.78	751.812
3785.9	751.776
3786.03	751.739
3786.15	751.702
3786.28	751.664
3786.42	751.625
3786.55	751.585
3786.69	751.544
3786.83	751.502
3786.97	751.46
3787.12	751.417
3787.27	751.373
3787.42	751.327
3787.58	751.281
3787.74	751.234
3787.9	751.186
3788.07	751.137
3788.24	751.087
3788.41	751.036
3788.59	750.984
3788.77	750.93
3788.96	750.876
3789.14	750.82
3789.34	750.764
3789.53	750.706
3789.73	750.646
3789.94	750.586
3790.08	750.543
3790.23	750.5
3790.38	750.455
3790.54	750.41
3790.69	750.364
3790.85	750.317
3791.01	750.269
3791.18	750.22
3791.35	750.171
3791.52	750.12
3791.69	750.069
3791.87	750.016
3792.11	749.947
3792.35	749.876
3792.59	749.805
3792.83	749.733
3793.08	749.661
3793.33	749.587
3793.58	749.512
3793.84	749.437
3794.1	749.361
3794.36	749.283
3794.62	749.205
3794.89	749.126
3795.16	749.046
3795.44	748.964
3795.72	748.882
3796	748.799
3796.29	748.715
3796.57	748.63
3796.87	748.544
3797.16	748.456
3797.46	748.368
3797.77	748.279
3798.07	748.188
3798.38	748.097
3798.7	748.004
3799.02	747.91
3799.34	747.815
3799.66	747.719
3799.99	747.622
3800.32	747.526
3800.64	747.43
3800.96	747.336
3801.28	747.242
3801.6	747.149
3801.91	747.058
3802.22	746.967
3802.52	746.877
3802.82	746.788
3803.12	746.699
3803.42	746.612
3803.71	746.526
3804	746.44
3804.29	746.355
3804.58	746.271
3804.86	746.188
3805.14	746.105
3805.41	746.024
3805.69	745.943
3805.96	745.863
3806.23	745.783
3806.5	745.705
3806.76	745.627
3807.02	745.55
3807.28	745.474
3807.54	745.398
3807.79	745.324
3808.04	745.25
3808.29	745.176
3808.54	745.104
3808.78	745.032
3809.02	744.961
3809.26	744.89
3809.5	744.82
3809.73	744.751
3809.96	744.683
3810.16	744.625
3810.35	744.568
3810.54	744.512
3810.73	744.455
3810.92	744.4
3811.11	744.344
3811.3	744.289
3811.48	744.235
3811.67	744.181
3811.85	744.127
3812.03	744.074
3812.21	744.021
3812.39	743.968
3812.56	743.916
3812.74	743.865
3812.91	743.813
3813.09	743.762
3813.26	743.712
3813.43	743.662
3813.6	743.612
3813.76	743.562
3813.93	743.513
3814.1	743.465
3814.26	743.416
3814.42	743.368
3814.58	743.321
3814.74	743.273
3814.9	743.226
3815.06	743.18
3815.22	743.134
3815.37	743.088
3815.53	743.042
3815.68	742.997
3815.83	742.952
3815.98	742.908
3816.13	742.864
3816.28	742.82
3816.43	742.776
3816.58	742.733
3816.72	742.69
3816.87	742.648
3817.01	742.605
3817.15	742.564
3817.29	742.522
3817.43	742.481
3817.57	742.44
3817.71	742.399
3817.85	742.359
3817.98	742.319
3818.12	742.279
3818.25	742.239
3818.39	742.2
3818.52	742.161
3818.65	742.123
3818.78	742.084
3818.91	742.046
3819.04	742.009
3819.16	741.971
3819.29	741.934
3819.41	741.897
3819.54	741.861
3819.66	741.824
3819.78	741.788
3819.91	741.752
3820.03	741.717
3820.15	741.681
3820.27	741.646
3820.4	741.611
3820.52	741.576
3820.65	741.54
3820.78	741.505
3820.9	741.47
3821.03	741.436
3821.16	741.401
3821.3	741.366
3821.43	741.332
3821.56	741.297
3821.7	741.263
3821.84	741.229
3821.97	741.194
3822.11	741.16
3822.25	741.126
3822.39	741.093
3822.54	741.059
3822.68	741.025
3822.82	740.992
3822.97	740.958
3823.12	740.925
3823.27	740.892
3823.42	740.859
3823.57	740.826
3823.72	740.793
3823.87	740.76
3824.03	740.727
3824.19	740.695
3824.34	740.663
3824.5	740.63
3824.66	740.598
3824.82	740.566
3824.99	740.534
3825.15	740.502
3825.32	740.471
3825.49	740.439
3825.66	740.408
3825.83	740.376
3826	740.345
3826.17	740.314
3826.35	740.283
3826.52	740.252
3826.7	740.222
3826.88	740.191
3827.06	740.161
3827.24	740.131
3827.43	740.101
3827.61	740.071
3827.8	740.041
3827.99	740.011
3828.18	739.982
3828.37	739.952
3828.56	739.922
3828.76	739.892
3828.96	739.862
3829.16	739.832
3829.37	739.803
3829.58	739.773
3829.79	739.742
3830	739.712
3830.22	739.679
3830.44	739.646
3830.67	739.612
3830.9	739.578
3831.14	739.543
3831.38	739.508
3831.62	739.473
3831.87	739.437
3832.11	739.401
3832.37	739.364
3832.62	739.327
3832.89	739.29
3833.15	739.252
3833.42	739.214
3833.69	739.175
3833.97	739.136
3834.25	739.097
3834.53	739.057
3834.82	739.017
3835.11	738.976
3835.41	738.935
3835.71	738.893
3836.02	738.851
3836.33	738.809
3836.65	738.766
3836.97	738.722
3837.29	738.678
3837.62	738.634
3837.95	738.589
3838.29	738.544
3838.64	738.498
3838.98	738.452
3839.34	738.406
3839.7	738.358
3840.06	738.31
3840.46	738.26
3840.88	738.207
3841.33	738.151
3841.82	738.091
3842.34	738.029
3842.9	737.963
3843.5	737.893
3844.15	737.819
3844.84	737.741
3845.58	737.658
3846.38	737.57
3847.23	737.478
3848.15	737.379
3849.13	737.275
3850.08	737.208
3851.11	737.137
3852.2	737.061
3853.36	736.979
3854.6	736.893
3855.93	736.8
3857.35	736.701
3858.86	736.596
3860.46	736.484
3862.11	736.37
3863.81	736.253
3865.56	736.132
3867.37	736.009
3869.23	735.882
3871.08	735.756
3872.99	735.626
3874.95	735.493
3876.98	735.356
3879.06	735.216
3881.29	735.065
3883.76	734.897
3886.48	734.71
3889.5	734.502
3892.61	734.288
3896.04	734.051
3899.82	733.788
3903.65	733.61
3907.53	733.525
3911.59	733.395
3915.7	733.362
3919.85	733.428
3924.45	733.41
3929.55	733.287
3934.35	733.326
3939.66	733.26
3944.95	733.324
3951.06	733.3
3957.09	733.445
3963.29	733.699
3969.9	734.004
3976.51	734.447
3983.61	734.941
3991.23	735.491
3999.41	736.1
4008.2	736.773
4017.83	737.508
4027.91	738.334
4038.4	739.26
4049.84	740.287
4062.15	741.486
4074.38	742.98
4086.73	744.806
4099.41	747.02
4111.85	749.68
4124.75	752.771
4138.45	756.31
4152.69	760.275
4167.07	764.715
4181.61	769.695
4196.35	775.27
4211.33	781.485
4226.46	788.215
4241.6	795.257
4256.75	802.739
4272	810.811
4287.45	819.116
4302.62	827.528
4317.45	836.073
4331.95	844.781
4346.12	853.685
4359.97	862.791
4373.48	872.067
4386.47	881.331
4398.85	890.426
4410.33	899.184
4421.22	907.768
4431.61	916.272
4441.22	924.609
4450.31	932.905
4458.95	941.166
4467.19	949.347
4475.1	957.478
4482.67	965.654
4489.83	973.755
4496.63	981.861
4503.1	990.072
4509.28	998.487
4515.19	1007.11
4520.82	1015.9
4526.03	1024.51
4530.89	1033.09
4535.57	1042.11
4540	1051.37
4544.14	1060.62
4548.03	1070.11
4551.63	1079.69
4554.95	1089.38
4557.99	1099.14
4560.79	1109.08
4563.32	1119.08
4565.6	1129.19
4567.65	1139.47
4569.46	1149.9
4571.1	1160.65
4572.5	1171.62
4573.66	1182.79
4574.52	1194.18
4575.1	1205.72
4575.33	1217.39
4575.23	1229.2
4574.79	1241.16
4574.01	1253.28
4572.89	1265.6
4571.5	1277.93
4569.81	1290.44
4567.83	1303.19
4565.51	1316.26
4562.88	1329.57
4560	1343.04
4556.92	1356.58
4553.66	1370.17
4550.4	1383.76
4546.95	1397.42
4543.25	1411.17
4539.33	1425.01
4535.2	1438.94
4530.85	1452.95
4526.42	1466.97
4522.01	1480.97
4517.71	1494.79
4513.76	1507.81
4509.77	1520.83
4506.01	1533.4
4502.57	1545.66
4499.41	1557.75
4496.6	1569.42
4494.11	1580.63
4491.92	1591.4
4490.04	1601.73
4488.46	1611.61
4487.19	1621.03
4486.25	1629.99
4485.7	1638.72
4485.56	1647.09
4485.81	1654.91
4486.33	1662.45
4487.14	1669.56
4488.07	1676.45
4489.24	1682.96
4490.71	1689.16
4492.75	1694.89
4495.23	1700.23
4498.18	1705.17
4501.36	1709.86
4504.66	1714.33
4508.21	1718.54
4511.92	1722.54
4515.63	1726.15
4519.26	1729.32
4522.81	1732.09
4526.21	1734.48
4529.46	1736.52
4532.55	1738.27
4535.36	1739.79
4538.17	1741.04
4540.93	1742.23
4543.68	1743.44
4546.54	1744.77
4549.51	1746.21
4552.6	1747.77
4554.47	1748.69
4556.25	1749.6
4557.95	1750.49
