1351.4	2000.42
1351.07	2001.16
1350.74	2001.9
1350.4	2002.64
1350.07	2003.38
1349.74	2004.12
1349.42	2004.85
1349.09	2005.58
1348.77	2006.32
1348.45	2007.05
1348.13	2007.78
1347.81	2008.51
1347.49	2009.25
1347.17	2009.98
1346.83	2010.74
1346.5	2011.5
1346.17	2012.25
1345.84	2013.01
1345.51	2013.76
1345.18	2014.52
1344.85	2015.27
1344.53	2016.02
1344.2	2016.77
1343.88	2017.52
1343.56	2018.27
1343.24	2019.02
1342.92	2019.77
1342.58	2020.58
1342.18	2021.5
1341.73	2022.53
1341.23	2023.69
1340.65	2025
1340	2026.47
1339.18	2028.31
1338.23	2030.42
1337.11	2032.92
1335.76	2035.91
1334.14	2039.47
1332.41	2043.28
1330.59	2047.3
1328.66	2051.54
1326.64	2056.01
1324.48	2060.79
1322.03	2066.46
1319.25	2073.07
1316.22	2080.42
1313.22	2087.83
1310.33	2095.18
1307.5	2102.54
1304.77	2109.85
1302.12	2117.14
1299.56	2124.44
1297.03	2132
1294.51	2139.84
1292.01	2147.97
1289.54	2156.35
1287.1	2164.99
1284.66	2173.62
1282.24	2182.52
1279.88	2191.63
1277.61	2200.87
1275.47	2210.19
1273.5	2219.46
1271.7	2228.68
1270.09	2237.85
1268.65	2246.95
1267.39	2255.99
1266.27	2264.95
1265.32	2273.83
1264.51	2282.61
1263.85	2291.31
1263.33	2299.91
1262.94	2308.41
1262.6	2316.48
1262.32	2324.18
1262.07	2331.43
1261.82	2338.37
1261.59	2344.82
1261.35	2350.82
1261.14	2356.41
1260.93	2361.62
1260.72	2366.47
1260.51	2371.03
1260.29	2375.28
1260.08	2379.28
1259.87	2383.07
1259.66	2386.65
1259.45	2390.05
1259.24	2393.26
1259.03	2396.31
1258.83	2399.2
1258.62	2401.94
1258.41	2404.71
1258.21	2407.58
1258.01	2410.56
1257.81	2413.48
1257.61	2416.5
1257.41	2419.61
1257.22	2422.82
1257.04	2425.65
1256.86	2428.09
1256.69	2430.18
1256.52	2432.37
1256.37	2434.28
1256.21	2435.94
1256.07	2437.37
1255.92	2438.62
1255.78	2439.71
1255.64	2440.66
1255.5	2441.57
1255.36	2442.5
1255.23	2443.44
1255.09	2444.38
1254.95	2445.34
1254.8	2446.3
1254.66	2447.28
1254.52	2448.27
1254.38	2449.26
1254.24	2450.27
1254.15	2450.86
1254.06	2451.45
1253.97	2452.04
1253.89	2452.63
1253.8	2453.21
1253.72	2453.8
1253.63	2454.39
1253.55	2454.98
1253.46	2455.57
1253.38	2456.15
1253.3	2456.74
1253.21	2457.33
1253.13	2457.92
1253.05	2458.5
1252.97	2459.09
1252.89	2459.68
1252.81	2460.27
1252.73	2460.84
1252.66	2461.39
1252.58	2461.92
1252.52	2462.42
1252.45	2462.89
1252.39	2463.35
1252.33	2463.79
1252.27	2464.2
1252.22	2464.6
1252.16	2464.98
1252.12	2465.34
1252.07	2465.69
1252.02	2466.02
1251.98	2466.33
1251.94	2466.63
1251.9	2466.92
1251.86	2467.2
1251.82	2467.46
1251.79	2467.71
1251.75	2467.95
1251.72	2468.17
1251.69	2468.39
1251.66	2468.6
1251.63	2468.8
1251.61	2468.99
1251.58	2469.17
1251.56	2469.34
1251.53	2469.5
1251.51	2469.66
1251.49	2469.81
1251.47	2469.95
1251.45	2470.09
1251.39	2470.52
1251.33	2470.93
1251.28	2471.32
1251.23	2471.7
1251.18	2472.06
1251.13	2472.4
1251.09	2472.74
1251.05	2473.06
1251.01	2473.36
1250.97	2473.66
1250.93	2473.94
1250.89	2474.21
1250.86	2474.47
1250.82	2474.72
1250.79	2474.96
1250.76	2475.19
