862.45	1701.13
862.053	1701.26
861.675	1701.39
861.314	1701.5
860.97	1701.62
860.643	1701.73
860.331	1701.83
860.033	1701.93
859.719	1702.03
859.382	1702.15
859.021	1702.27
858.634	1702.4
858.219	1702.54
857.776	1702.69
857.3	1702.84
856.791	1703.02
856.245	1703.2
855.66	1703.4
855.033	1703.61
854.362	1703.83
853.643	1704.08
852.872	1704.34
852.046	1704.62
851.161	1704.91
850.213	1705.24
849.283	1705.56
848.29	1705.9
847.232	1706.26
846.104	1706.65
844.9	1707.07
843.617	1707.51
842.249	1707.98
840.79	1708.48
839.234	1709.02
837.576	1709.59
836.249	1710.05
834.983	1710.5
833.776	1710.92
832.623	1711.33
831.524	1711.72
830.475	1712.09
828.704	1712.71
827.075	1713.27
825.576	1713.8
824.197	1714.29
822.929	1714.74
821.763	1715.16
820.691	1715.55
819.636	1715.94
818.442	1716.39
817.09	1716.92
815.56	1717.53
813.83	1718.24
811.876	1719.06
809.669	1719.99
807.148	1721.09
804.272	1722.39
800.991	1723.91
797.539	1725.56
794.019	1727.29
790.432	1729.11
786.779	1731.02
783.061	1733.03
779.277	1735.13
775.422	1737.3
771.495	1739.54
767.488	1741.83
763.397	1744.17
759.222	1746.55
754.966	1749.03
750.638	1751.68
746.23	1754.4
741.75	1757.28
737.515	1760.11
733.698	1762.77
730.262	1765.29
726.826	1767.81
723.727	1770.18
720.983	1772.42
718.523	1774.53
716.153	1776.66
713.765	1778.88
711.361	1781.19
708.808	1783.68
706.315	1786.13
703.767	1788.64
701.164	1791.21
698.394	1793.95
695.688	1796.64
692.947	1799.37
690.17	1802.15
687.188	1805.18
683.944	1808.55
680.405	1812.31
676.537	1816.49
672.648	1820.82
668.837	1825.21
664.986	1829.84
661.146	1834.67
657.395	1839.61
653.534	1844.86
649.682	1850.2
645.838	1855.63
641.993	1861.4
638.224	1867.4
634.858	1873.07
631.874	1878.37
629.237	1883.34
626.645	1888.41
623.959	1893.78
621.484	1899
618.699	1904.85
616.394	1910.08
614.442	1914.84
612.907	1919.02
611.741	1922.7
610.498	1926.59
609.019	1930.97
607.419	1935.64
606.001	1940.08
604.747	1944.34
603.407	1948.93
601.974	1953.89
600.56	1958.99
598.951	1964.69
597.474	1970.36
596.138	1976.13
594.976	1981.86
593.966	1987.54
593.071	1993.1
592.281	1998.67
591.601	2004.14
590.978	2009.52
590.397	2014.82
589.929	2020.18
589.504	2025.46
589.128	2030.66
588.786	2035.77
588.491	2040.81
588.24	2045.77
588.026	2050.64
587.848	2055.43
587.704	2060.12
587.595	2064.7
587.542	2068.58
587.535	2071.84
587.514	2075.69
587.539	2078.93
587.601	2081.66
587.689	2084.2
587.799	2086.69
587.929	2089.14
588.079	2091.55
588.33	2094.01
588.599	2096.44
588.887	2098.85
589.192	2101.23
589.511	2103.62
589.838	2106.03
590.175	2108.47
590.467	2109.69
590.755	2110.76
591.095	2113.05
591.427	2114.98
591.751	2116.61
592.067	2117.97
592.375	2119.12
592.676	2120.07
592.97	2120.88
593.258	2121.67
593.54	2122.45
593.816	2123.21
594.087	2123.95
594.353	2124.68
594.613	2125.4
594.868	2126.1
595.117	2126.78
595.362	2127.46
595.602	2128.11
595.836	2128.76
596.067	2129.39
596.292	2130.01
596.513	2130.62
596.729	2131.21
596.942	2131.8
597.149	2132.37
597.353	2132.93
597.553	2133.48
597.748	2134.01
597.94	2134.54
598.127	2135.06
598.311	2135.56
598.491	2136.06
598.668	2136.54
598.841	2137.02
599.01	2137.48
599.176	2137.94
599.339	2138.39
599.499	2138.83
599.655	2139.26
599.808	2139.68
599.958	2140.09
600.105	2140.49
600.253	2140.9
600.404	2141.32
600.557	2141.75
600.714	2142.19
600.874	2142.64
601.036	2143.1
601.202	2143.58
601.371	2144.06
601.543	2144.56
601.718	2145.06
601.897	2145.59
602.079	2146.12
602.265	2146.66
602.454	2147.22
602.647	2147.79
602.843	2148.38
603.043	2148.97
603.247	2149.59
603.455	2150.21
603.664	2150.85
603.877	2151.51
604.093	2152.18
604.314	2152.86
604.538	2153.56
604.767	2154.28
605	2155.01
605.237	2155.76
605.478	2156.52
605.724	2157.3
605.975	2158.1
606.23	2158.92
606.489	2159.75
606.754	2160.6
607.023	2161.47
607.298	2162.36
607.577	2163.27
607.862	2164.2
608.152	2165.15
608.447	2166.11
608.748	2167.1
609.054	2168.11
609.366	2169.14
609.684	2170.2
609.959	2171.11
610.237	2172.04
610.559	2173.12
610.88	2174.2
611.2	2175.27
611.519	2176.35
611.837	2177.42
612.154	2178.5
612.469	2179.57
612.783	2180.64
613.086	2181.68
613.373	2182.65
613.643	2183.57
613.898	2184.44
614.138	2185.26
614.365	2186.03
614.58	2186.76
614.782	2187.45
614.973	2188.1
615.154	2188.71
615.324	2189.28
615.485	2189.82
615.637	2190.34
615.825	2191.01
616	2191.64
616.162	2192.23
616.313	2192.78
616.454	2193.28
616.585	2193.75
616.706	2194.19
616.819	2194.6
616.924	2194.98
617.022	2195.33
617.113	2195.66
617.197	2195.96
617.276	2196.24
617.349	2196.51
617.417	2196.75
617.48	2196.98
617.539	2197.19
617.594	2197.39
617.644	2197.57
617.692	2197.74
617.736	2197.9
617.776	2198.05
617.814	2198.18
617.85	2198.31
617.882	2198.43
617.913	2198.54
617.941	2198.64
617.968	2198.74
617.992	2198.83
618.015	2198.91
618.036	2198.99
618.056	2199.06
618.075	2199.12
618.092	2199.18
618.107	2199.24
618.122	2199.29
618.136	2199.34
618.149	2199.39
618.161	2199.43
618.172	2199.47
618.182	2199.51
618.191	2199.54
618.2	2199.58
618.209	2199.61
618.216	2199.63
618.223	2199.66
618.23	2199.68
618.236	2199.71
618.242	2199.73
618.247	2199.75
618.252	2199.76
618.257	2199.78
618.261	2199.8
618.265	2199.81
618.269	2199.82
618.272	2199.84
618.275	2199.85
618.278	2199.86
618.281	2199.87
618.284	2199.88
618.286	2199.89
618.288	2199.89
618.29	2199.9
618.292	2199.91
618.294	2199.91
618.296	2199.92
618.297	2199.93
618.299	2199.93
618.3	2199.94
618.301	2199.94
618.303	2199.94
618.304	2199.95
618.305	2199.95
618.306	2199.96
618.306	2199.96
618.307	2199.96
618.308	2199.96
618.309	2199.97
618.309	2199.97
618.31	2199.97
618.31	2199.97
618.311	2199.98
618.311	2199.98
618.312	2199.98
618.312	2199.98
618.313	2199.98
618.313	2199.98
618.313	2199.98
618.314	2199.99
618.314	2199.99
618.314	2199.99
618.315	2199.99
618.315	2199.99
618.315	2199.99
618.315	2199.99
618.315	2199.99
618.316	2199.99
618.316	2199.99
618.316	2199.99
618.316	2199.99
618.316	2199.99
618.316	2199.99
618.316	2199.99
618.316	2199.99
618.317	2200
618.317	2200
618.317	2200
618.317	2200
618.317	2200
618.317	2200
618.317	2200
618.317	2200
618.317	2200
618.317	2200
618.317	2200
618.317	2200
618.317	2200
618.317	2200
618.317	2200
618.317	2200
618.317	2200
618.318	2200
618.318	2200
