2063.2	1775.19
2063.54	1775.89
2063.88	1776.61
2064.23	1777.34
2064.58	1778.09
2064.95	1778.85
2065.32	1779.63
2065.71	1780.43
2066.12	1781.28
2066.54	1782.18
2067	1783.12
2067.47	1784.11
2067.97	1785.16
2068.5	1786.26
2069.05	1787.42
2069.63	1788.64
2070.18	1789.72
2070.81	1791.03
2071.45	1792.36
2072.12	1793.73
2072.81	1795.12
2073.52	1796.54
2074.25	1797.99
2075	1799.48
2075.76	1800.98
2076.51	1802.48
2077.27	1803.99
2078.03	1805.51
2078.78	1807.03
2079.54	1808.56
2080.3	1810.11
2081.08	1811.7
2081.87	1813.33
2082.69	1815
2083.52	1816.72
2084.37	1818.48
2085.25	1820.31
2086.26	1822.38
2087.4	1824.73
2088.7	1827.37
2089.97	1830.07
2091.52	1833.28
2093.18	1836.74
2094.94	1840.48
2096.75	1844.36
2098.61	1848.39
2100.52	1852.58
2102.49	1856.93
2104.53	1861.49
2106.73	1866.38
2109.21	1871.9
2111.86	1877.82
2114.71	1884.19
2117.74	1890.97
2120.85	1898.01
2124.14	1905.46
2127.61	1913.34
2131.29	1921.72
2135.12	1930.44
2139.28	1939.93
2143.64	1949.86
2148.07	1960.02
2152.71	1970.7
2157.52	1981.79
2162.56	1993.37
2167.85	2005.49
2173.36	2018.04
2179.03	2030.81
2184.99	2043.97
2190.95	2057.13
2197.2	2070.65
2203.48	2084.07
2209.73	2097.34
2215.97	2110.46
2222.18	2123.44
2228.32	2136.15
2234.17	2148.15
2239.86	2159.68
2245.42	2170.82
2250.81	2181.54
2256.07	2191.91
2261.28	2202.14
2266.54	2212.45
2271.64	2222.36
2276.53	2231.78
2281.08	2240.51
2285.17	2248.33
2289.03	2255.73
2292.66	2262.72
2296.08	2269.33
2299.3	2275.58
2302.34	2281.49
2305.26	2287.21
2308.14	2292.91
2310.69	2297.98
2313.2	2302.99
2315.52	2307.67
2317.77	2312.21
2319.87	2316.45
2321.97	2320.71
2324.03	2324.91
2326.01	2328.92
2327.89	2332.75
2329.45	2335.96
2330.9	2338.92
2332.26	2341.74
2333.54	2344.38
2334.81	2346.99
2336.05	2349.55
2337.27	2352.07
2338.33	2354.27
2339.43	2356.54
2340.57	2358.89
2341.74	2361.29
2342.89	2363.65
2343.99	2365.91
2345.04	2368.06
2346.04	2370.12
2346.82	2371.71
2347.54	2373.19
2348.2	2374.55
2348.82	2375.81
2349.39	2376.98
2349.91	2378.06
2350.4	2379.07
2350.88	2380.05
2351.3	2380.9
2351.71	2381.75
2352.12	2382.58
2352.52	2383.4
2352.91	2384.22
2353.3	2385.02
2353.69	2385.8
2354.07	2386.58
2354.44	2387.35
2354.81	2388.11
2355.18	2388.86
2355.54	2389.6
2355.89	2390.33
2356.02	2390.58
2356.15	2390.85
2356.28	2391.13
2356.42	2391.43
2356.57	2391.73
2356.72	2392.05
2356.88	2392.38
2357.05	2392.72
2357.23	2393.08
2357.41	2393.45
2357.59	2393.84
2357.79	2394.24
2358	2394.66
2358.21	2395.1
2358.43	2395.56
2358.66	2396.03
2358.9	2396.52
2359.15	2397.04
2359.42	2397.57
2359.69	2398.13
2359.97	2398.71
2360.27	2399.32
2360.57	2399.93
2360.88	2400.56
