1547.2	2000
1547.2	2000
1547.2	2000
1547.2	2000
1547.2	2000
1547.2	2000
1547.2	2000
1547.2	2000
1547.2	2000
1547.2	2000
1547.2	2000
1547.2	2000
1547.2	2000
1547.2	2000
1547.2	2000
1547.2	2000
1547.2	2000
1547.2	2000.01
1547.2	2000.01
1547.2	2000.01
1547.2	2000.01
1547.2	2000.01
1547.2	2000.01
1547.2	2000.01
1547.2	2000.01
1547.2	2000.01
1547.2	2000.01
1547.2	2000.01
1547.2	2000.02
1547.2	2000.02
1547.2	2000.02
1547.2	2000.02
1547.2	2000.02
1547.19	2000.03
1547.19	2000.03
1547.19	2000.03
1547.19	2000.04
1547.19	2000.04
1547.19	2000.05
1547.19	2000.05
1547.19	2000.06
1547.19	2000.06
1547.19	2000.07
1547.18	2000.08
1547.18	2000.08
1547.18	2000.09
1547.18	2000.1
1547.18	2000.11
1547.17	2000.13
1547.17	2000.14
1547.17	2000.15
1547.16	2000.17
1547.16	2000.19
1547.15	2000.21
1547.15	2000.23
1547.14	2000.26
1547.14	2000.29
1547.13	2000.32
1547.12	2000.35
1547.12	2000.39
1547.11	2000.43
1547.1	2000.48
1547.08	2000.53
1547.07	2000.58
1547.06	2000.65
1547.04	2000.72
1547.03	2000.79
1547.01	2000.88
1546.99	2000.97
1546.96	2001.08
1546.94	2001.19
1546.91	2001.32
1546.88	2001.46
1546.84	2001.62
1546.8	2001.8
1546.76	2001.99
1546.71	2002.2
1546.66	2002.44
1546.6	2002.7
1546.54	2002.99
1546.47	2003.32
1546.39	2003.67
1546.3	2004.07
1546.21	2004.51
1546.1	2004.99
1545.98	2005.53
1545.85	2006.12
1545.7	2006.78
1545.54	2007.51
1545.37	2008.32
1545.17	2009.22
1545	2010
1544.8	2010.88
1544.59	2011.86
1544.34	2012.95
1544.07	2014.18
1543.77	2015.55
1543.43	2017.08
1543.06	2018.79
1542.66	2020.58
1542.3	2022.24
1541.96	2023.78
1541.64	2025.2
1541.35	2026.53
1541.08	2027.75
1540.83	2028.88
1540.59	2030.01
1540.37	2031.03
1540.17	2031.94
1539.99	2032.77
1539.82	2033.53
1539.66	2034.24
1539.52	2034.9
1539.38	2035.51
1539.26	2036.07
1539.14	2036.59
1539.04	2037.08
1538.94	2037.53
1538.84	2037.95
1538.76	2038.33
1538.68	2038.69
1538.61	2039.02
1538.54	2039.33
1538.47	2039.61
1538.42	2039.88
1538.36	2040.17
1538.29	2040.53
1538.21	2040.98
1538.12	2041.55
1538.02	2042.26
1537.9	2043.16
1537.75	2044.27
1537.58	2045.67
1537.37	2047.42
1537.12	2049.61
1536.81	2052.31
1536.43	2055.7
1535.96	2059.92
1535.49	2064.45
1535.04	2069.27
1534.61	2074.43
1534.18	2079.94
1533.72	2086.3
1533.27	2093.01
1532.78	2100.62
1532.4	2108.03
1532.02	2115.69
1531.7	2123.34
1531.41	2131.2
1531.11	2139.3
1530.79	2147.67
1530.44	2156.34
1530.05	2165.83
1529.62	2175.99
1529.17	2186.48
1528.69	2196.53
1528.18	2206.95
1527.67	2217.37
1527.14	2228.15
1526.57	2239.29
1525.98	2250.79
1525.33	2262.49
1524.63	2274.37
1523.84	2286.13
1522.99	2297.71
1522.08	2309.01
1521.16	2319.94
1520.22	2330.48
1519.19	2341.37
1518.1	2352.38
1517.09	2362.27
1516.15	2371.25
1515.27	2379.85
1514.45	2388.08
1513.64	2395.9
1512.84	2403.35
1512.07	2410.43
1511.35	2417.19
1510.66	2423.62
1509.96	2429.94
1509.17	2436.25
1508.37	2442.64
1507.59	2448.77
1506.93	2454.28
1506.34	2459.21
1505.85	2463.65
1505.41	2467.77
1505	2471.61
1504.6	2475.2
1504.24	2478.56
1503.89	2481.68
1503.55	2484.69
1503.2	2487.68
1502.84	2490.64
1502.48	2493.63
1502.12	2496.58
1501.74	2499.51
1501.35	2502.4
1500.98	2505.13
1500.63	2507.68
1500.31	2510.06
1500	2512.29
1499.71	2514.37
1499.45	2516.29
1499.2	2518.07
1498.97	2519.72
1498.75	2521.24
1498.55	2522.66
1498.37	2523.99
1498.19	2525.22
