2337.7	1604.16
2338.37	1605.03
2339.07	1605.95
2339.8	1606.92
2340.57	1607.93
2341.37	1608.98
2342.2	1610.09
2343.07	1611.25
2343.99	1612.46
2344.94	1613.73
2345.94	1615.06
2346.99	1616.46
2348.09	1617.92
2349.23	1619.45
2350.41	1621.02
2351.62	1622.61
2352.85	1624.24
2354.11	1625.89
2355.4	1627.57
2356.71	1629.28
2358.03	1631
2359.4	1632.76
2360.82	1634.58
2362.28	1636.47
2363.79	1638.42
2365.37	1640.46
2367.05	1642.65
2368.84	1645
2370.75	1647.43
2372.78	1650.1
2374.95	1652.9
2377.26	1655.85
2379.71	1658.94
2382.26	1662.17
2384.88	1665.52
2387.57	1668.98
2390.44	1672.69
2393.6	1676.81
2397.1	1681.37
2400.9	1686.39
2404.79	1691.6
2408.8	1697.05
2413	1702.85
2417.47	1709.13
2422.32	1716.02
2427.56	1723.57
2433.11	1731.69
2438.99	1740.4
2444.88	1749.34
2450.69	1758.47
2456.96	1768.5
2463.82	1779.64
2470.81	1791.36
2477.91	1803.66
2485.13	1816.55
2492.12	1829.28
2498.82	1841.71
2505.52	1854.41
2512.2	1867.37
2518.88	1880.61
2525.56	1893.85
2532.23	1907.39
2538.83	1921
2545.33	1934.52
2551.98	1948.28
2558.6	1962.01
2565.1	1975.54
2571.4	1988.76
2577.46	2001.46
2583.19	2013.47
2588.39	2024.42
2593.42	2034.94
2598.41	2045.22
2603.15	2054.94
2607.58	2064
2611.53	2072.15
2615	2079.44
2618.28	2086.31
2621.57	2093.1
2624.88	2099.83
2628.21	2106.52
2631.32	2112.81
2634.11	2118.5
2636.46	2123.42
2638.63	2128.01
2640.71	2132.42
2642.7	2136.65
2644.6	2140.7
2646.41	2144.54
2648.01	2147.93
2649.43	2150.93
2650.91	2154.05
2652.12	2156.6
2653.27	2159.03
2654.39	2161.37
2655.46	2163.65
2656.5	2165.9
2657.51	2168.13
2658.49	2170.34
2659.41	2172.46
2660.32	2174.6
2661.2	2176.74
2662.06	2178.83
2662.88	2180.88
2663.65	2182.82
2664.36	2184.57
2665	2186.13
2665.59	2187.54
2666.13	2188.8
2666.63	2189.93
2667.08	2190.95
2667.57	2192.14
2668.01	2193.23
2668.43	2194.23
2668.81	2195.14
2669.16	2195.97
2669.49	2196.73
2669.79	2197.43
2670.07	2198.07
2670.31	2198.57
2670.54	2199.05
2670.76	2199.51
2670.97	2199.94
2671.17	2200.36
2671.36	2200.77
2671.55	2201.18
2671.74	2201.59
2671.91	2201.99
2672.09	2202.4
2672.26	2202.8
2672.42	2203.2
2672.58	2203.61
2672.73	2204.01
2672.88	2204.41
2673.03	2204.8
2673.17	2205.2
2673.3	2205.6
2673.43	2206
2673.56	2206.39
2673.68	2206.79
2673.8	2207.19
2673.92	2207.58
2674.03	2207.98
2674.13	2208.38
2674.23	2208.77
2674.33	2209.17
2674.42	2209.57
2674.51	2209.96
2674.6	2210.36
2674.62	2210.68
2674.64	2210.99
2674.65	2211.31
2674.67	2211.63
2674.68	2211.96
2674.69	2212.28
2674.69	2212.61
2674.7	2212.94
2674.7	2213.27
2674.7	2213.61
2674.69	2213.94
2674.69	2214.28
2674.68	2214.62
2674.67	2214.97
2674.65	2215.31
2674.64	2215.66
2674.62	2216.01
2674.6	2216.37
2674.57	2216.72
2674.54	2217.08
2674.51	2217.44
2674.48	2217.81
2674.45	2218.17
2674.41	2218.54
2674.37	2218.91
2674.33	2219.29
2674.28	2219.67
2674.23	2220.05
2674.18	2220.43
2674.13	2220.81
2674.08	2221.18
2674.03	2221.55
2673.98	2221.91
2673.94	2222.27
2673.89	2222.63
2673.84	2222.98
2673.8	2223.32
2673.75	2223.66
2673.71	2224
2673.66	2224.33
2673.62	2224.66
2673.58	2224.98
2673.54	2225.3
2673.5	2225.61
2673.46	2225.92
2673.42	2226.23
2673.38	2226.53
2673.34	2226.83
2673.3	2227.13
2673.27	2227.42
2673.23	2227.7
2673.19	2227.99
2673.16	2228.27
2673.12	2228.54
2673.09	2228.82
2673.05	2229.09
2673.02	2229.35
2672.99	2229.61
2672.96	2229.87
2672.93	2230.13
2672.89	2230.37
2672.85	2230.62
2672.82	2230.86
2672.78	2231.09
2672.75	2231.33
2672.72	2231.56
2672.68	2231.79
2672.65	2232.01
2672.62	2232.23
2672.59	2232.45
2672.56	2232.67
2672.53	2232.88
2672.49	2233.09
2672.46	2233.3
2672.43	2233.5
2672.41	2233.71
2672.38	2233.91
2672.35	2234.1
2672.32	2234.3
2672.29	2234.49
2672.26	2234.68
2672.24	2234.87
2672.21	2235.05
2672.18	2235.24
2672.16	2235.42
2672.13	2235.59
2672.11	2235.77
2672.08	2235.94
2672.06	2236.11
2672.03	2236.28
2672.01	2236.45
2671.98	2236.61
2671.96	2236.77
2671.94	2236.93
2671.91	2237.09
2671.89	2237.25
2671.87	2237.4
2671.85	2237.55
2671.83	2237.7
2671.8	2237.85
2671.78	2238
2671.76	2238.14
2671.74	2238.28
2671.72	2238.42
2671.7	2238.56
2671.68	2238.7
2671.66	2238.83
2671.64	2238.97
2671.62	2239.1
2671.6	2239.23
2671.59	2239.36
2671.57	2239.48
2671.55	2239.61
2671.53	2239.73
2671.51	2239.85
2671.5	2239.97
2671.48	2240.09
2671.46	2240.21
2671.44	2240.33
2671.43	2240.44
2671.41	2240.56
2671.39	2240.68
2671.38	2240.8
2671.36	2240.91
2671.34	2241.03
2671.33	2241.14
2671.31	2241.26
2671.29	2241.38
2671.28	2241.49
2671.26	2241.61
2671.24	2241.72
2671.23	2241.84
2671.21	2241.95
2671.19	2242.07
2671.18	2242.18
2671.16	2242.29
2671.14	2242.41
2671.13	2242.52
2671.11	2242.63
2671.09	2242.75
2671.08	2242.86
2671.06	2242.97
2671.04	2243.09
2671.03	2243.2
2671.01	2243.31
2671	2243.42
2670.98	2243.53
2670.96	2243.65
2670.95	2243.76
2670.93	2243.87
2670.92	2243.98
2670.9	2244.09
2670.88	2244.2
2670.87	2244.31
2670.85	2244.42
2670.84	2244.53
2670.82	2244.64
2670.8	2244.75
2670.79	2244.86
2670.77	2244.97
2670.76	2245.08
2670.74	2245.18
2670.72	2245.29
2670.71	2245.4
2670.69	2245.51
2670.68	2245.62
2670.66	2245.72
2670.65	2245.83
2670.63	2245.94
2670.62	2246.04
2670.6	2246.15
2670.58	2246.26
2670.57	2246.36
2670.55	2246.47
2670.54	2246.58
2670.52	2246.68
2670.51	2246.79
2670.49	2246.89
2670.48	2247
2670.46	2247.1
2670.45	2247.21
2670.43	2247.31
2670.42	2247.42
2670.4	2247.52
2670.39	2247.62
2670.37	2247.73
2670.36	2247.83
2670.34	2247.94
2670.33	2248.04
2670.31	2248.14
2670.3	2248.24
2670.28	2248.35
2670.27	2248.45
2670.25	2248.55
2670.24	2248.65
2670.22	2248.76
2670.21	2248.86
2670.19	2248.96
2670.18	2249.06
2670.16	2249.16
2670.15	2249.26
2670.13	2249.36
2670.12	2249.46
2670.1	2249.56
2670.09	2249.66
2670.08	2249.76
2670.06	2249.86
2670.05	2249.96
2670.03	2250.06
