3219.53	1026
3219.92	1027.26
3220.34	1028.63
3220.8	1030.13
3221.29	1031.76
3221.82	1033.55
3222.39	1035.49
3223.02	1037.61
3223.69	1039.92
3224.43	1042.44
3225.23	1045.19
3226.09	1048.19
3227.08	1051.49
3228.17	1055.1
3229.35	1059.05
3230.59	1063.17
3231.86	1067.43
3233.21	1071.78
3234.6	1076.27
3236.04	1081
3237.7	1086.34
3239.59	1092.36
3241.77	1099.18
3244.14	1106.54
3246.82	1114.79
3249.87	1124.15
3253.41	1134.96
3257.22	1146.6
3261.18	1158.81
3265.72	1172.74
3270.79	1188.29
3276.23	1204.92
3282.13	1223.05
3288.44	1242.47
3294.9	1262.39
3301.85	1284.28
3308.86	1306.94
3315.83	1330.44
3322.66	1354.07
3329.62	1379.11
3336.61	1404.64
3343.62	1430.38
3350.29	1455.09
3356.92	1479.55
3363.02	1502.69
3369.31	1526.03
3375.59	1549.36
3381.58	1571.61
3387.16	1592.54
3392.45	1612.2
3397.38	1630.4
3402	1647.26
3406.3	1662.83
3410.23	1677.12
3413.73	1690.11
3416.84	1701.8
3419.59	1712.13
3421.94	1721
3424	1728.8
3425.94	1736.23
3427.81	1743.45
3429.56	1750.24
3431.16	1756.49
3432.64	1762.22
3433.97	1767.36
3435.12	1771.75
3436.24	1776.14
3437.18	1779.75
3437.97	1782.71
3438.71	1785.52
3439.41	1788.22
3440.08	1790.81
3440.7	1793.3
3441.3	1795.7
3441.86	1798
3442.4	1800.23
3442.9	1802.36
3443.35	1804.24
3443.75	1805.91
3444.1	1807.39
3444.42	1808.71
3444.7	1809.87
3444.96	1810.9
3445.3	1812.36
3445.62	1813.7
3445.92	1814.92
3446.18	1816.04
3446.43	1817.05
3446.66	1817.98
3446.86	1818.83
3447.06	1819.61
3447.23	1820.31
3447.4	1820.99
3447.57	1821.69
3447.75	1822.41
3447.93	1823.14
3448.11	1823.9
3448.3	1824.67
3448.49	1825.46
3448.69	1826.28
3448.89	1827.11
3449.09	1827.97
3449.3	1828.85
3449.51	1829.75
3449.73	1830.67
3449.83	1831.08
3449.93	1831.49
3450.04	1831.91
