3825.2	857.516
3825.99	857.954
3826.88	858.454
3827.9	859.023
3829.05	859.672
3830.36	860.433
3831.84	861.344
3833.5	862.425
3835.36	863.701
3837.45	865.199
3839.8	866.95
3842.39	868.929
3845.41	871.073
3848.86	873.445
3852.66	876.136
3857.09	879.067
3861.99	882.586
3867.14	886.978
3872.7	892.247
3878.92	898.336
3886.15	905.114
3894.76	912.947
3904.31	921.695
3914.67	931.212
3925.45	941.618
3936.82	953.167
3951.38	968.561
3966.54	986.025
3981.69	1005.41
3997.65	1027.42
4013.7	1051.57
4029.3	1077.58
4044.69	1105.85
4059.54	1135.75
4072.83	1166.03
4084.88	1197.24
4095.62	1229.43
4105.07	1261.94
4113.25	1293.94
4120.21	1325.21
4126.02	1356.35
4130.87	1386.23
4135.73	1416.1
4139.47	1444.31
4142.49	1471.12
4144.66	1496.49
4146.11	1519.95
4146.95	1541.01
4147.31	1560.13
4147.38	1577.22
4147.03	1592.8
4146.52	1606.78
4145.68	1619.49
4144.46	1631.14
4143.29	1641.63
4142.18	1651.16
4140.94	1660.1
4139.56	1668.45
4138.15	1676.12
4136.73	1683.15
4135.27	1689.45
4133.76	1694.93
4132.24	1700.01
4130.69	1704.51
4129.23	1709.09
4127.8	1713.22
4126.49	1717.64
4125.22	1721.8
4123.97	1725.75
4122.7	1729.56
4121.41	1733.24
4120.1	1736.8
4118.76	1740.23
4117.43	1743.5
4116.22	1746.48
4115.14	1749.19
4114.15	1751.67
4113.23	1754.1
4112.4	1756.33
4111.65	1758.4
4110.98	1760.3
4110.37	1762.07
4109.77	1763.79
4109.21	1765.39
4108.66	1766.91
4108.14	1768.36
4107.63	1769.75
4107.14	1771.06
4106.65	1772.43
4106.19	1773.72
4105.74	1774.95
4105.31	1776.11
4104.89	1777.21
4104.49	1778.25
4104.11	1779.23
4103.73	1780.16
4103.37	1781.04
4103.03	1781.88
4102.7	1782.68
4102.39	1783.45
4102.1	1784.17
4101.81	1784.87
4101.54	1785.53
4101.29	1786.16
4101.04	1786.76
4100.81	1787.33
4100.59	1787.87
4100.38	1788.39
4100.17	1788.88
4099.98	1789.36
4099.8	1789.8
4099.63	1790.23
4099.46	1790.64
4099.3	1791.03
4099.14	1791.41
4098.99	1791.78
4098.85	1792.12
4098.72	1792.46
4098.59	1792.77
4098.46	1793.08
4098.34	1793.37
4098.23	1793.65
4098.12	1793.92
4098.02	1794.18
4097.91	1794.42
4097.82	1794.66
4097.73	1794.88
4097.64	1795.1
4097.55	1795.3
4097.47	1795.5
4097.4	1795.69
4097.32	1795.87
4097.25	1796.05
4097.18	1796.22
4097.12	1796.38
4097.05	1796.53
4097	1796.67
4096.94	1796.82
4096.88	1796.95
4096.83	1797.08
4096.78	1797.2
4096.73	1797.32
4096.69	1797.43
4096.64	1797.54
4096.6	1797.64
4096.56	1797.74
4096.52	1797.84
4096.48	1797.93
4096.45	1798.02
4096.41	1798.1
4096.38	1798.18
4096.35	1798.26
4096.32	1798.33
4096.29	1798.4
4096.26	1798.47
4096.24	1798.53
4096.21	1798.6
4096.19	1798.66
4096.16	1798.71
4096.14	1798.77
4096.12	1798.82
4096.1	1798.87
4096.08	1798.92
4096.06	1798.96
4096.04	1799.01
4096.03	1799.05
4096.01	1799.09
4095.99	1799.13
4095.98	1799.16
4095.97	1799.2
4095.95	1799.23
4095.94	1799.26
4095.93	1799.3
4095.91	1799.33
4095.9	1799.35
4095.89	1799.38
4095.88	1799.41
4095.87	1799.43
4095.86	1799.46
4095.85	1799.48
4095.84	1799.5
4095.83	1799.52
4095.82	1799.54
4095.82	1799.56
4095.81	1799.58
4095.8	1799.6
4095.8	1799.62
4095.79	1799.63
4095.78	1799.65
4095.78	1799.66
4095.77	1799.68
4095.76	1799.69
4095.76	1799.7
4095.75	1799.72
4095.75	1799.73
4095.74	1799.74
4095.74	1799.75
4095.74	1799.76
4095.73	1799.77
4095.73	1799.78
4095.72	1799.79
4095.72	1799.8
4095.72	1799.81
4095.71	1799.82
4095.71	1799.82
4095.71	1799.83
4095.7	1799.84
4095.7	1799.84
4095.7	1799.85
4095.7	1799.86
4095.69	1799.86
4095.69	1799.87
4095.69	1799.87
4095.69	1799.88
4095.68	1799.88
4095.68	1799.89
4095.68	1799.89
4095.68	1799.9
4095.68	1799.9
4095.68	1799.91
4095.67	1799.91
4095.67	1799.91
4095.67	1799.92
4095.67	1799.92
4095.67	1799.93
4095.67	1799.93
4095.67	1799.93
4095.66	1799.93
4095.66	1799.94
4095.66	1799.94
4095.66	1799.94
4095.66	1799.94
4095.66	1799.95
4095.66	1799.95
4095.66	1799.95
4095.66	1799.95
4095.66	1799.96
4095.66	1799.96
4095.65	1799.96
4095.65	1799.96
4095.65	1799.96
4095.65	1799.96
4095.65	1799.97
4095.65	1799.97
4095.65	1799.97
4095.65	1799.97
4095.65	1799.97
4095.65	1799.97
4095.65	1799.97
4095.65	1799.97
4095.65	1799.98
4095.65	1799.98
4095.65	1799.98
4095.65	1799.98
4095.65	1799.98
4095.65	1799.98
4095.65	1799.98
4095.65	1799.98
4095.65	1799.98
4095.64	1799.98
4095.64	1799.98
4095.64	1799.98
4095.64	1799.99
4095.64	1799.99
4095.64	1799.99
4095.64	1799.99
4095.64	1799.99
4095.64	1799.99
4095.64	1799.99
4095.64	1799.99
4095.64	1799.99
4095.64	1799.99
4095.64	1799.99
4095.64	1799.99
4095.64	1799.99
4095.64	1799.99
4095.64	1799.99
4095.64	1799.99
4095.64	1799.99
4095.64	1799.99
4095.64	1799.99
4095.64	1799.99
4095.64	1799.99
4095.64	1799.99
4095.64	1799.99
4095.64	1799.99
4095.64	1799.99
4095.64	1800
4095.64	1800
4095.64	1800
4095.64	1800
4095.64	1800
4095.64	1800
4095.64	1800
4095.64	1800
4095.64	1800
4095.64	1800
4095.64	1800
4095.64	1800
4095.64	1800
4095.64	1800
4095.64	1800
4095.64	1800
4095.64	1800
4095.64	1800
4095.64	1800
4095.64	1800
4095.64	1800
